Tempi di scan
87
87.1
87.2
87.3
87.4
87.5
87.6
87.7
87.8
87.9
88
88.1
88.2
88.3
88.4
88.5
88.6
88.7
88.8
88.9
89
89.1
89.2
89.3
89.4
89.5
89.6
89.7
89.8
89.9
90
90.1
90.2
90.3
90.4
90.5
90.6
90.7
90.8
90.9
91
91.1
91.2
91.3
91.4
91.5
91.6
91.7
91.8
91.9
92
92.1
92.2
92.3
92.4
92.5
92.6
92.7
92.8
92.9
LikelihoodSum
635.726
635.416
635.106
634.798
634.49
634.183
633.876
633.57
633.265
632.961
632.657
632.354
632.052
631.75
631.449
631.149
630.849
630.55
630.252
629.954
629.657
629.361
629.066
628.771
628.476
628.183
627.89
627.597
627.306
627.015
626.724
626.435
626.146
625.857
625.569
625.282
624.996
624.71
624.425
624.14
623.856
623.573
623.29
623.008
622.726
622.445
622.165
621.885
621.606
621.328
621.05
620.773
620.496
620.22
619.944
619.67
619.395
619.122
618.849
618.576
Ipotesi K0
Numero eventi:  470
Tempo        :  134.907
Errore       : 3.93353
Tempi di scan
253
253.1
253.2
253.3
253.4
253.5
253.6
253.7
253.8
253.9
254
254.1
254.2
254.3
254.4
254.5
254.6
254.7
254.8
254.9
255
255.1
255.2
255.3
255.4
255.5
255.6
255.7
255.8
255.9
256
256.1
256.2
256.3
256.4
256.5
256.6
256.7
256.8
256.9
257
257.1
257.2
257.3
257.4
257.5
257.6
257.7
257.8
257.9
258
258.1
258.2
258.3
258.4
258.5
258.6
258.7
258.8
258.9
259
259.1
259.2
259.3
259.4
259.5
259.6
259.7
259.8
259.9
260
260.1
260.2
260.3
260.4
260.5
260.6
260.7
260.8
260.9
261
261.1
261.2
261.3
261.4
261.5
261.6
261.7
261.8
261.9
262
262.1
262.2
262.3
262.4
262.5
262.6
262.7
262.8
262.9
263
263.1
263.2
263.3
263.4
263.5
263.6
263.7
263.8
263.9
264
264.1
264.2
264.3
264.4
264.5
264.6
264.7
264.8
264.9
265
265.1
265.2
265.3
265.4
265.5
265.6
265.7
265.8
265.9
266
266.1
266.2
266.3
266.4
266.5
266.6
266.7
266.8
266.9
267
267.1
267.2
267.3
267.4
267.5
267.6
267.7
267.8
267.9
268
268.1
268.2
268.3
268.4
268.5
268.6
268.7
268.8
268.9
269
269.1
269.2
269.3
269.4
269.5
269.6
269.7
269.8
269.9
270
270.1
270.2
270.3
270.4
270.5
270.6
270.7
270.8
270.9
271
271.1
271.2
271.3
271.4
271.5
271.6
271.7
271.8
271.9
272
272.1
272.2
272.3
272.4
272.5
272.6
272.7
272.8
272.9
LikelihoodSum
548.877
548.815
548.754
548.692
548.631
548.569
548.508
548.447
548.385
548.324
548.263
548.202
548.141
548.08
548.019
547.958
547.897
547.836
547.775
547.714
547.653
547.593
547.532
547.472
547.411
547.351
547.29
547.23
547.169
547.109
547.049
546.989
546.929
546.868
546.808
546.748
546.688
546.628
546.569
546.509
546.449
546.389
546.33
546.27
546.21
546.151
546.091
546.032
545.972
545.913
545.854
545.794
545.735
545.676
545.617
545.558
545.499
545.44
545.381
545.322
545.263
545.204
545.146
545.087
545.028
544.97
544.911
544.852
544.794
544.735
544.677
544.619
544.56
544.502
544.444
544.386
544.328
544.269
544.211
544.153
544.095
544.038
543.98
543.922
543.864
543.806
543.749
543.691
543.633
543.576
543.518
543.461
543.403
543.346
543.289
543.231
543.174
543.117
543.06
543.003
542.945
542.888
542.831
542.775
542.718
542.661
542.604
542.547
542.49
542.434
542.377
542.32
542.264
542.207
542.151
542.094
542.038
541.982
541.925
541.869
541.813
541.757
541.701
541.645
541.588
541.532
541.476
541.421
541.365
541.309
541.253
541.197
541.142
541.086
541.03
540.975
540.919
540.864
540.808
540.753
540.697
540.642
540.587
540.531
540.476
540.421
540.366
540.311
540.256
540.201
540.146
540.091
540.036
539.981
539.926
539.872
539.817
539.762
539.707
539.653
539.598
539.544
539.489
539.435
539.38
539.326
539.272
539.218
539.163
539.109
539.055
539.001
538.947
538.893
538.839
538.785
538.731
538.677
538.623
538.569
538.516
538.462
538.408
538.354
538.301
538.247
538.194
538.14
538.087
538.033
537.98
537.927
537.873
537.82
537.767
537.714
537.661
537.608
537.555
537.502
Ipotesi Lambda0
Numero eventi:  302
Tempo        :  394.349
Errore       : 15.1656
